1 0 1
1624000
1 0 2
2223500
1 0 4
2218300
1 0 8
2829000
1 0 16
4665500
1 0 32
-927294268
1 0 64
-927294268
1 1 1
1609600
1 1 2
2212700
1 1 4
2211900
1 1 8
3438700
1 1 16
4665100
1 1 32
7726500
1 1 64
-927294268
1 2 1
1592600
1 2 2
2197200
1 2 4
2194100
1 2 8
3416100
1 2 16
4638500
1 2 32
7695900
1 2 64
13818000
1 3 1
2195800
1 3 2
2188400
1 3 4
2184700
1 3 8
3406700
1 3 16
4630200
1 3 32
8303100
1 3 64
13812800
1 4 1
2800700
1 4 2
2795500
1 4 4
2794100
1 4 8
3405500
1 4 16
5242000
1 4 32
8303000
1 4 64
13812800
1 5 1
3409100
1 5 2
3406100
1 5 4
3405400
1 5 8
3405400
1 5 16
5242000
1 5 32
8303000
1 5 64
13812800
1 6 1
4019600
1 6 2
4017900
1 6 4
4017600
1 6 8
4629800
1 6 16
5242000
1 6 32
8303000
1 6 64
13812800
1 7 1
5243300
1 7 2
5242000
1 7 4
5242000
1 7 8
5242000
1 7 16
6466400
1 7 32
8915200
1 7 64
14425000
1 8 1
7079000
1 8 2
7078600
1 8 4
7078600
1 8 8
7078600
1 8 16
7078600
1 8 32
9527400
1 8 64
15037200
1 9 1
8303000
1 9 2
9527400
1 9 4
9527400
1 9 8
9527400
1 9 16
9527400
1 9 32
10139600
1 9 64
16261600
