2 0 1 1 1
1629580
2 0 1 1 2
1624476
2 0 1 1 4
1621176
2 0 1 1 8
1629768
2 0 1 1 16
1637360
2 0 1 1 32
1657340
2 0 1 1 64
337692732
2 0 1 2 1
1612580
2 0 1 2 2
1608976
2 0 1 2 4
1605876
2 0 1 2 8
1608568
2 0 1 2 16
1613560
2 0 1 2 32
1632040
2 0 1 2 64
1670900
2 0 1 3 1
1607576
2 0 1 3 2
1600176
2 0 1 3 4
1596476
2 0 1 3 8
1602068
2 0 1 3 16
1609160
2 0 1 3 32
1632736
2 0 1 3 64
1668700
2 0 1 4 1
1604272
2 0 1 4 2
1599072
2 0 1 4 4
1597672
2 0 1 4 8
1600868
2 0 1 4 16
1612756
2 0 1 4 32
1632736
2 0 1 4 64
1668700
2 0 1 5 1
1604468
2 0 1 5 2
1601468
2 0 1 5 4
1600768
2 0 1 5 8
1600768
2 0 1 5 16
1612756
2 0 1 5 32
1632736
2 0 1 5 64
1668700
2 0 1 6 1
1606764
2 0 1 6 2
1605064
2 0 1 6 4
1604764
2 0 1 6 8
1608760
2 0 1 6 16
1612756
2 0 1 6 32
1632736
2 0 1 6 64
1668700
2 0 1 7 1
1614056
2 0 1 7 2
1612756
2 0 1 7 4
1612756
2 0 1 7 8
1612756
2 0 1 7 16
1620748
2 0 1 7 32
1636732
2 0 1 7 64
1672696
2 0 1 8 1
1625144
2 0 1 8 2
1624744
2 0 1 8 4
1624744
2 0 1 8 8
1624744
2 0 1 8 16
1624744
2 0 1 8 32
1640728
2 0 1 8 64
1676692
2 0 1 9 1
1632736
2 0 1 9 2
1640728
2 0 1 9 4
1640728
2 0 1 9 8
1640728
2 0 1 9 16
1640728
2 0 1 9 32
1644724
2 0 1 9 64
1684684
2 0 2 1 1
2243145
2 0 2 1 2
2234414
2 0 2 1 4
2232814
2 0 2 1 8
2240352
2 0 2 1 16
2247090
2 0 2 1 32
2268935
2 0 2 1 64
708109127
2 0 2 2 1
2225445
2 0 2 2 2
2218114
2 0 2 2 4
2213714
2 0 2 2 8
2219052
2 0 2 2 16
2224190
2 0 2 2 32
2241435
2 0 2 2 64
2280025
2 0 2 3 1
2218914
2 0 2 3 2
2209814
2 0 2 3 4
2206014
2 0 2 3 8
2212652
2 0 2 3 16
2220090
2 0 2 3 32
2242904
2 0 2 3 64
2277725
2 0 2 4 1
2215483
2 0 2 4 2
2210083
2 0 2 4 4
2208483
2 0 2 4 8
2212052
2 0 2 4 16
2223559
2 0 2 4 32
2242904
2 0 2 4 64
2277725
2 0 2 5 1
2215752
2 0 2 5 2
2212552
2 0 2 5 4
2211952
2 0 2 5 8
2211952
2 0 2 5 16
2223559
2 0 2 5 32
2242904
2 0 2 5 64
2277725
2 0 2 6 1
2217621
2 0 2 6 2
2216021
2 0 2 6 4
2215821
2 0 2 6 8
2219690
2 0 2 6 16
2223559
2 0 2 6 32
2242904
2 0 2 6 64
2277725
2 0 2 7 1
2224759
2 0 2 7 2
2223559
2 0 2 7 4
2223559
2 0 2 7 8
2223559
2 0 2 7 16
2231297
2 0 2 7 32
2246773
2 0 2 7 64
2281594
2 0 2 8 1
2235566
2 0 2 8 2
2235166
2 0 2 8 4
2235166
2 0 2 8 8
2235166
2 0 2 8 16
2235166
2 0 2 8 32
2250642
2 0 2 8 64
2285463
2 0 2 9 1
2242904
2 0 2 9 2
2250642
2 0 2 9 4
2250642
2 0 2 9 8
2250642
2 0 2 9 16
2250642
2 0 2 9 32
2254511
2 0 2 9 64
2293201
2 0 4 1 1
2240085
2 0 4 1 2
2235702
2 0 4 1 4
2230502
2 0 4 1 8
2237336
2 0 4 1 16
2245770
2 0 4 1 32
2266055
2 0 4 1 64
-1101958337
2 0 4 2 1
2223985
2 0 4 2 2
2217602
2 0 4 2 4
2212402
2 0 4 2 8
2218036
2 0 4 2 16
2223670
2 0 4 2 32
2240955
2 0 4 2 64
2278225
2 0 4 3 1
2218402
2 0 4 3 2
2209502
2 0 4 3 4
2205902
2 0 4 3 8
2212136
2 0 4 3 16
2219670
2 0 4 3 32
2242072
2 0 4 3 64
2276425
2 0 4 4 1
2215019
2 0 4 4 2
2209519
2 0 4 4 4
2207919
2 0 4 4 8
2211636
2 0 4 4 16
2222987
2 0 4 4 32
2242072
2 0 4 4 64
2276425
2 0 4 5 1
2215236
2 0 4 5 2
2211936
2 0 4 5 4
2211536
2 0 4 5 8
2211536
2 0 4 5 16
2222987
2 0 4 5 32
2242072
2 0 4 5 64
2276425
2 0 4 6 1
2217053
2 0 4 6 2
2215553
2 0 4 6 4
2215353
2 0 4 6 8
2219170
2 0 4 6 16
2222987
2 0 4 6 32
2242072
2 0 4 6 64
2276425
2 0 4 7 1
2224187
2 0 4 7 2
2222987
2 0 4 7 4
2222987
2 0 4 7 8
2222987
2 0 4 7 16
2230621
2 0 4 7 32
2245889
2 0 4 7 64
2280242
2 0 4 8 1
2234838
2 0 4 8 2
2234438
2 0 4 8 4
2234438
2 0 4 8 8
2234438
2 0 4 8 16
2234438
2 0 4 8 32
2249706
2 0 4 8 64
2284059
2 0 4 9 1
2242072
2 0 4 9 2
2249706
2 0 4 9 4
2249706
2 0 4 9 8
2249706
2 0 4 9 16
2249706
2 0 4 9 32
2253523
2 0 4 9 64
2291693
2 0 8 1 1
2851710
2 0 8 1 2
2847812
2 0 8 1 4
2844212
2 0 8 1 8
2849316
2 0 8 1 16
2856120
2 0 8 1 32
2875830
2 0 8 1 64
193619614
2 0 8 2 1
2835910
2 0 8 2 2
2829712
2 0 8 2 4
2824512
2 0 8 2 8
2828516
2 0 8 2 16
2834120
2 0 8 2 32
2852530
2 0 8 2 64
2889750
2 0 8 3 1
2829812
2 0 8 3 2
2821612
2 0 8 3 4
2817812
2 0 8 3 8
2824216
2 0 8 3 16
2831620
2 0 8 3 32
2854132
2 0 8 3 64
2888350
2 0 8 4 1
2826814
2 0 8 4 2
2822014
2 0 8 4 4
2820014
2 0 8 4 8
2823716
2 0 8 4 16
2835022
2 0 8 4 32
2854032
2 0 8 4 64
2888250
2 0 8 5 1
2827316
2 0 8 5 2
2824216
2 0 8 5 4
2823616
2 0 8 5 8
2823616
2 0 8 5 16
2835022
2 0 8 5 32
2854032
2 0 8 5 64
2888250
2 0 8 6 1
2829118
2 0 8 6 2
2827618
2 0 8 6 4
2827418
2 0 8 6 8
2831220
2 0 8 6 16
2835022
2 0 8 6 32
2854032
2 0 8 6 64
2888250
2 0 8 7 1
2836222
2 0 8 7 2
2835022
2 0 8 7 4
2835022
2 0 8 7 8
2835022
2 0 8 7 16
2842626
2 0 8 7 32
2857834
2 0 8 7 64
2892052
2 0 8 8 1
2846828
2 0 8 8 2
2846428
2 0 8 8 4
2846428
2 0 8 8 8
2846428
2 0 8 8 16
2846428
2 0 8 8 32
2861636
2 0 8 8 64
2895854
2 0 8 9 1
2854032
2 0 8 9 2
2861636
2 0 8 9 4
2861636
2 0 8 9 8
2861636
2 0 8 9 16
2861636
2 0 8 9 32
2865438
2 0 8 9 64
2903458
2 0 16 1 1
4687905
2 0 16 1 2
4686406
2 0 16 1 4
4681906
2 0 16 1 8
4686608
2 0 16 1 16
4693210
2 0 16 1 32
4714015
2 0 16 1 64
-4543389
2 0 16 2 1
4672905
2 0 16 2 2
4666606
2 0 16 2 4
4659806
2 0 16 2 8
4664808
2 0 16 2 16
4670910
2 0 16 2 32
4688615
2 0 16 2 64
4726225
2 0 16 3 1
4666706
2 0 16 3 2
4657806
2 0 16 3 4
4654606
2 0 16 3 8
4660708
2 0 16 3 16
4668210
2 0 16 3 32
4690616
2 0 16 3 64
4724825
2 0 16 4 1
4663607
2 0 16 4 2
4658207
2 0 16 4 4
4656607
2 0 16 4 8
4660308
2 0 16 4 16
4671611
2 0 16 4 32
4690616
2 0 16 4 64
4724825
2 0 16 5 1
4663908
2 0 16 5 2
4660608
2 0 16 5 4
4660208
2 0 16 5 8
4660208
2 0 16 5 16
4671611
2 0 16 5 32
4690616
2 0 16 5 64
4724825
2 0 16 6 1
4665709
2 0 16 6 2
4664209
2 0 16 6 4
4664009
2 0 16 6 8
4667810
2 0 16 6 16
4671611
2 0 16 6 32
4690616
2 0 16 6 64
4724825
2 0 16 7 1
4672811
2 0 16 7 2
4671611
2 0 16 7 4
4671611
2 0 16 7 8
4671611
2 0 16 7 16
4679213
2 0 16 7 32
4694417
2 0 16 7 64
4728626
2 0 16 8 1
4683414
2 0 16 8 2
4683014
2 0 16 8 4
4683014
2 0 16 8 8
4683014
2 0 16 8 16
4683014
2 0 16 8 32
4698218
2 0 16 8 64
4732427
2 0 16 9 1
4690616
2 0 16 9 2
4698218
2 0 16 9 4
4698218
2 0 16 9 8
4698218
2 0 16 9 16
4698218
2 0 16 9 32
4702019
2 0 16 9 64
4740029
2 0 32 1 1
-927271763
2 0 32 1 2
-927274262
2 0 32 1 4
-927277862
2 0 32 1 8
-927273060
2 0 32 1 16
-927266958
2 0 32 1 32
-927245553
2 0 32 1 64
-936501757
2 0 32 2 1
-927287663
2 0 32 2 2
-927293262
2 0 32 2 4
-927299662
2 0 32 2 8
-927294660
2 0 32 2 16
-927289058
2 0 32 2 32
-927271153
2 0 32 2 64
-927233543
2 0 32 3 1
-927293462
2 0 32 3 2
-927301262
2 0 32 3 4
-927305562
2 0 32 3 8
-927299060
2 0 32 3 16
-927291558
2 0 32 3 32
-927269152
2 0 32 3 64
-927234943
2 0 32 4 1
-927296561
2 0 32 4 2
-927301261
2 0 32 4 4
-927303161
2 0 32 4 8
-927299460
2 0 32 4 16
-927288157
2 0 32 4 32
-927269152
2 0 32 4 64
-927234943
2 0 32 5 1
-927296060
2 0 32 5 2
-927298860
2 0 32 5 4
-927299560
2 0 32 5 8
-927299560
2 0 32 5 16
-927288157
2 0 32 5 32
-927269152
2 0 32 5 64
-927234943
2 0 32 6 1
-927294059
2 0 32 6 2
-927295459
2 0 32 6 4
-927295759
2 0 32 6 8
-927291958
2 0 32 6 16
-927288157
2 0 32 6 32
-927269152
2 0 32 6 64
-927234943
2 0 32 7 1
-927286957
2 0 32 7 2
-927288157
2 0 32 7 4
-927288157
2 0 32 7 8
-927288157
2 0 32 7 16
-927280555
2 0 32 7 32
-927265351
2 0 32 7 64
-927231142
2 0 32 8 1
-927276354
2 0 32 8 2
-927276754
2 0 32 8 4
-927276754
2 0 32 8 8
-927276754
2 0 32 8 16
-927276754
2 0 32 8 32
-927261550
2 0 32 8 64
-927227341
2 0 32 9 1
-927269152
2 0 32 9 2
-927261550
2 0 32 9 4
-927261550
2 0 32 9 8
-927261550
2 0 32 9 16
-927261550
2 0 32 9 32
-927257749
2 0 32 9 64
-927219739
2 0 64 1 1
-927272263
2 0 64 1 2
-927273462
2 0 64 1 4
-927276562
2 0 64 1 8
-927271960
2 0 64 1 16
-927266758
2 0 64 1 32
-927246553
2 0 64 1 64
-936500557
2 0 64 2 1
-927287863
2 0 64 2 2
-927293262
2 0 64 2 4
-927299462
2 0 64 2 8
-927294860
2 0 64 2 16
-927289258
2 0 64 2 32
-927271153
2 0 64 2 64
-927233543
2 0 64 3 1
-927293462
2 0 64 3 2
-927301062
2 0 64 3 4
-927305362
2 0 64 3 8
-927299060
2 0 64 3 16
-927291458
2 0 64 3 32
-927269152
2 0 64 3 64
-927234943
2 0 64 4 1
-927296561
2 0 64 4 2
-927301261
2 0 64 4 4
-927303161
2 0 64 4 8
-927299460
2 0 64 4 16
-927288157
2 0 64 4 32
-927269152
2 0 64 4 64
-927234943
2 0 64 5 1
-927296060
2 0 64 5 2
-927298860
2 0 64 5 4
-927299560
2 0 64 5 8
-927299560
2 0 64 5 16
-927288157
2 0 64 5 32
-927269152
2 0 64 5 64
-927234943
2 0 64 6 1
-927294059
2 0 64 6 2
-927295459
2 0 64 6 4
-927295759
2 0 64 6 8
-927291958
2 0 64 6 16
-927288157
2 0 64 6 32
-927269152
2 0 64 6 64
-927234943
2 0 64 7 1
-927286957
2 0 64 7 2
-927288157
2 0 64 7 4
-927288157
2 0 64 7 8
-927288157
2 0 64 7 16
-927280555
2 0 64 7 32
-927265351
2 0 64 7 64
-927231142
2 0 64 8 1
-927276354
2 0 64 8 2
-927276754
2 0 64 8 4
-927276754
2 0 64 8 8
-927276754
2 0 64 8 16
-927276754
2 0 64 8 32
-927261550
2 0 64 8 64
-927227341
2 0 64 9 1
-927269152
2 0 64 9 2
-927261550
2 0 64 9 4
-927261550
2 0 64 9 8
-927261550
2 0 64 9 16
-927261550
2 0 64 9 32
-927257749
2 0 64 9 64
-927219739
2 1 1 2 1
1611860
2 1 1 2 2
1608112
2 1 1 2 4
1602912
2 1 1 2 8
1608216
2 1 1 2 16
1613420
2 1 1 2 32
1632080
2 1 1 2 64
1670000
2 1 1 3 1
1606712
2 1 1 3 2
1599312
2 1 1 3 4
1595612
2 1 1 3 8
1600616
2 1 1 3 16
1607620
2 1 1 3 32
1630432
2 1 1 3 64
1665100
2 1 1 4 1
1603264
2 1 1 4 2
1598064
2 1 1 4 4
1596664
2 1 1 4 8
1599716
2 1 1 4 16
1611172
2 1 1 4 32
1630432
2 1 1 4 64
1665100
2 1 1 5 1
1603316
2 1 1 5 2
1600316
2 1 1 5 4
1599616
2 1 1 5 8
1599616
2 1 1 5 16
1611172
2 1 1 5 32
1630432
2 1 1 5 64
1665100
2 1 1 6 1
1605468
2 1 1 6 2
1603768
2 1 1 6 4
1603468
2 1 1 6 8
1607320
2 1 1 6 16
1611172
2 1 1 6 32
1630432
2 1 1 6 64
1665100
2 1 1 7 1
1612472
2 1 1 7 2
1611172
2 1 1 7 4
1611172
2 1 1 7 8
1611172
2 1 1 7 16
1618876
2 1 1 7 32
1634284
2 1 1 7 64
1668952
2 1 1 8 1
1623128
2 1 1 8 2
1622728
2 1 1 8 4
1622728
2 1 1 8 8
1622728
2 1 1 8 16
1622728
2 1 1 8 32
1638136
2 1 1 8 64
1672804
2 1 1 9 1
1630432
2 1 1 9 2
1638136
2 1 1 9 4
1638136
2 1 1 9 8
1638136
2 1 1 9 16
1638136
2 1 1 9 32
1641988
2 1 1 9 64
1680508
2 1 2 2 1
2224405
2 1 2 2 2
2215666
2 1 2 2 4
2210466
2 1 2 2 8
2216588
2 1 2 2 16
2222910
2 1 2 2 32
2240815
2 1 2 2 64
2278725
2 1 2 3 1
2218266
2 1 2 3 2
2208066
2 1 2 3 4
2205266
2 1 2 3 8
2211588
2 1 2 3 16
2219110
2 1 2 3 32
2241176
2 1 2 3 64
2275025
2 1 2 4 1
2214527
2 1 2 4 2
2208827
2 1 2 4 4
2207727
2 1 2 4 8
2211188
2 1 2 4 16
2222371
2 1 2 4 32
2241176
2 1 2 4 64
2275025
2 1 2 5 1
2214688
2 1 2 5 2
2211488
2 1 2 5 4
2211088
2 1 2 5 8
2211088
2 1 2 5 16
2222371
2 1 2 5 32
2241176
2 1 2 5 64
2275025
2 1 2 6 1
2216549
2 1 2 6 2
2215049
2 1 2 6 4
2214849
2 1 2 6 8
2218610
2 1 2 6 16
2222371
2 1 2 6 32
2241176
2 1 2 6 64
2275025
2 1 2 7 1
2223571
2 1 2 7 2
2222371
2 1 2 7 4
2222371
2 1 2 7 8
2222371
2 1 2 7 16
2229893
2 1 2 7 32
2244937
2 1 2 7 64
2278786
2 1 2 8 1
2234054
2 1 2 8 2
2233654
2 1 2 8 4
2233654
2 1 2 8 8
2233654
2 1 2 8 16
2233654
2 1 2 8 32
2248698
2 1 2 8 64
2282547
2 1 2 9 1
2241176
2 1 2 9 2
2248698
2 1 2 9 4
2248698
2 1 2 9 8
2248698
2 1 2 9 16
2248698
2 1 2 9 32
2252459
2 1 2 9 64
2290069
2 1 4 2 1
2222165
2 1 4 2 2
2217518
2 1 4 2 4
2210718
2 1 4 2 8
2215524
2 1 4 2 16
2222230
2 1 4 2 32
2241995
2 1 4 2 64
2278825
2 1 4 3 1
2216618
2 1 4 3 2
2209318
2 1 4 3 4
2205118
2 1 4 3 8
2211424
2 1 4 3 16
2218930
2 1 4 3 32
2241048
2 1 4 3 64
2274825
2 1 4 4 1
2213971
2 1 4 4 2
2209571
2 1 4 4 4
2207471
2 1 4 4 8
2211124
2 1 4 4 16
2222283
2 1 4 4 32
2241048
2 1 4 4 64
2274825
2 1 4 5 1
2214524
2 1 4 5 2
2211624
2 1 4 5 4
2211024
2 1 4 5 8
2211024
2 1 4 5 16
2222283
2 1 4 5 32
2241048
2 1 4 5 64
2274825
2 1 4 6 1
2216477
2 1 4 6 2
2215177
2 1 4 6 4
2214777
2 1 4 6 8
2218530
2 1 4 6 16
2222283
2 1 4 6 32
2241048
2 1 4 6 64
2274825
2 1 4 7 1
2223483
2 1 4 7 2
2222283
2 1 4 7 4
2222283
2 1 4 7 8
2222283
2 1 4 7 16
2229789
2 1 4 7 32
2244801
2 1 4 7 64
2278578
2 1 4 8 1
2233942
2 1 4 8 2
2233542
2 1 4 8 4
2233542
2 1 4 8 8
2233542
2 1 4 8 16
2233542
2 1 4 8 32
2248554
2 1 4 8 64
2282331
2 1 4 9 1
2241048
2 1 4 9 2
2248554
2 1 4 9 4
2248554
2 1 4 9 8
2248554
2 1 4 9 16
2248554
2 1 4 9 32
2252307
2 1 4 9 64
2289837
2 1 8 2 1
3446585
2 1 8 2 2
3442162
2 1 8 2 4
3435362
2 1 8 2 8
3439916
2 1 8 2 16
3445370
2 1 8 2 32
3465155
2 1 8 2 64
3502925
2 1 8 3 1
3441562
2 1 8 3 2
3434162
2 1 8 3 4
3429662
2 1 8 3 8
3435916
2 1 8 3 16
3443570
2 1 8 3 32
3465832
2 1 8 3 64
3499825
2 1 8 4 1
3438639
2 1 8 4 2
3433839
2 1 8 4 4
3432039
2 1 8 4 8
3435716
2 1 8 4 16
3446947
2 1 8 4 32
3465832
2 1 8 4 64
3499825
2 1 8 5 1
3439216
2 1 8 5 2
3436016
2 1 8 5 4
3435616
2 1 8 5 8
3435616
2 1 8 5 16
3446947
2 1 8 5 32
3465832
2 1 8 5 64
3499825
2 1 8 6 1
3440993
2 1 8 6 2
3439593
2 1 8 6 4
3439393
2 1 8 6 8
3443170
2 1 8 6 16
3446947
2 1 8 6 32
3465832
2 1 8 6 64
3499825
2 1 8 7 1
3448047
2 1 8 7 2
3446947
2 1 8 7 4
3446947
2 1 8 7 8
3446947
2 1 8 7 16
3454501
2 1 8 7 32
3469609
2 1 8 7 64
3503602
2 1 8 8 1
3458578
2 1 8 8 2
3458278
2 1 8 8 4
3458278
2 1 8 8 8
3458278
2 1 8 8 16
3458278
2 1 8 8 32
3473386
2 1 8 8 64
3507379
2 1 8 9 1
3465832
2 1 8 9 2
3473386
2 1 8 9 4
3473386
2 1 8 9 8
3473386
2 1 8 9 16
3473386
2 1 8 9 32
3477163
2 1 8 9 64
3514933
2 1 16 2 1
4672285
2 1 16 2 2
4667882
2 1 16 2 4
4659782
2 1 16 2 8
4663476
2 1 16 2 16
4669370
2 1 16 2 32
4688555
2 1 16 2 64
4726525
2 1 16 3 1
4666882
2 1 16 3 2
4658582
2 1 16 3 4
4653782
2 1 16 3 8
4660476
2 1 16 3 16
4667870
2 1 16 3 32
4690552
2 1 16 3 64
4724725
2 1 16 4 1
4663179
2 1 16 4 2
4658079
2 1 16 4 4
4656579
2 1 16 4 8
4660176
2 1 16 4 16
4671567
2 1 16 4 32
4690552
2 1 16 4 64
4724725
2 1 16 5 1
4663876
2 1 16 5 2
4660776
2 1 16 5 4
4660176
2 1 16 5 8
4660176
2 1 16 5 16
4671567
2 1 16 5 32
4690552
2 1 16 5 64
4724725
2 1 16 6 1
4665573
2 1 16 6 2
4664173
2 1 16 6 4
4663973
2 1 16 6 8
4667770
2 1 16 6 16
4671567
2 1 16 6 32
4690552
2 1 16 6 64
4724725
2 1 16 7 1
4672667
2 1 16 7 2
4671567
2 1 16 7 4
4671567
2 1 16 7 8
4671567
2 1 16 7 16
4679161
2 1 16 7 32
4694349
2 1 16 7 64
4728522
2 1 16 8 1
4683258
2 1 16 8 2
4682958
2 1 16 8 4
4682958
2 1 16 8 8
4682958
2 1 16 8 16
4682958
2 1 16 8 32
4698146
2 1 16 8 64
4732319
2 1 16 9 1
4690552
2 1 16 9 2
4698146
2 1 16 9 4
4698146
2 1 16 9 8
4698146
2 1 16 9 16
4698146
2 1 16 9 32
4701943
2 1 16 9 64
4739913
2 1 32 2 1
7733405
2 1 32 2 2
7728906
2 1 32 2 4
7721406
2 1 32 2 8
7724208
2 1 32 2 16
7730610
2 1 32 2 32
7749215
2 1 32 2 64
7787225
2 1 32 3 1
7728006
2 1 32 3 2
7719606
2 1 32 3 4
7714806
2 1 32 3 8
7721308
2 1 32 3 16
7728910
2 1 32 3 32
7751616
2 1 32 3 64
7785825
2 1 32 4 1
7724307
2 1 32 4 2
7719107
2 1 32 4 4
7717607
2 1 32 4 8
7721208
2 1 32 4 16
7732611
2 1 32 4 32
7751616
2 1 32 4 64
7785825
2 1 32 5 1
7724908
2 1 32 5 2
7721808
2 1 32 5 4
7721208
2 1 32 5 8
7721208
2 1 32 5 16
7732611
2 1 32 5 32
7751616
2 1 32 5 64
7785825
2 1 32 6 1
7726609
2 1 32 6 2
7725209
2 1 32 6 4
7725009
2 1 32 6 8
7728810
2 1 32 6 16
7732611
2 1 32 6 32
7751616
2 1 32 6 64
7785825
2 1 32 7 1
7733711
2 1 32 7 2
7732611
2 1 32 7 4
7732611
2 1 32 7 8
7732611
2 1 32 7 16
7740213
2 1 32 7 32
7755417
2 1 32 7 64
7789626
2 1 32 8 1
7744314
2 1 32 8 2
7744014
2 1 32 8 4
7744014
2 1 32 8 8
7744014
2 1 32 8 16
7744014
2 1 32 8 32
7759218
2 1 32 8 64
7793427
2 1 32 9 1
7751616
2 1 32 9 2
7759218
2 1 32 9 4
7759218
2 1 32 9 8
7759218
2 1 32 9 16
7759218
2 1 32 9 32
7763019
2 1 32 9 64
7801029
2 1 64 2 1
-927286963
2 1 64 2 2
-927292662
2 1 64 2 4
-927299262
2 1 64 2 8
-927296060
2 1 64 2 16
-927290358
2 1 64 2 32
-927271453
2 1 64 2 64
-927233343
2 1 64 3 1
-927292762
2 1 64 3 2
-927301762
2 1 64 3 4
-927305962
2 1 64 3 8
-927299460
2 1 64 3 16
-927291858
2 1 64 3 32
-927269152
2 1 64 3 64
-927234943
2 1 64 4 1
-927296461
2 1 64 4 2
-927301661
2 1 64 4 4
-927303161
2 1 64 4 8
-927299560
2 1 64 4 16
-927288157
2 1 64 4 32
-927269152
2 1 64 4 64
-927234943
2 1 64 5 1
-927295860
2 1 64 5 2
-927298960
2 1 64 5 4
-927299560
2 1 64 5 8
-927299560
2 1 64 5 16
-927288157
2 1 64 5 32
-927269152
2 1 64 5 64
-927234943
2 1 64 6 1
-927294159
2 1 64 6 2
-927295559
2 1 64 6 4
-927295759
2 1 64 6 8
-927291958
2 1 64 6 16
-927288157
2 1 64 6 32
-927269152
2 1 64 6 64
-927234943
2 1 64 7 1
-927287057
2 1 64 7 2
-927288157
2 1 64 7 4
-927288157
2 1 64 7 8
-927288157
2 1 64 7 16
-927280555
2 1 64 7 32
-927265351
2 1 64 7 64
-927231142
2 1 64 8 1
-927276454
2 1 64 8 2
-927276754
2 1 64 8 4
-927276754
2 1 64 8 8
-927276754
2 1 64 8 16
-927276754
2 1 64 8 32
-927261550
2 1 64 8 64
-927227341
2 1 64 9 1
-927269152
2 1 64 9 2
-927261550
2 1 64 9 4
-927261550
2 1 64 9 8
-927261550
2 1 64 9 16
-927261550
2 1 64 9 32
-927257749
2 1 64 9 64
-927219739
2 2 1 3 1
1605692
2 2 1 3 2
1598292
2 2 1 3 4
1593692
2 2 1 3 8
1599456
2 2 1 3 16
1606120
2 2 1 3 32
1628012
2 2 1 3 64
1660950
2 2 1 4 1
1602074
2 2 1 4 2
1596874
2 2 1 4 4
1595474
2 2 1 4 8
1598356
2 2 1 4 16
1609302
2 2 1 4 32
1627712
2 2 1 4 64
1660850
2 2 1 5 1
1601956
2 2 1 5 2
1598956
2 2 1 5 4
1598256
2 2 1 5 8
1598256
2 2 1 5 16
1609302
2 2 1 5 32
1627712
2 2 1 5 64
1660850
2 2 1 6 1
1603938
2 2 1 6 2
1602238
2 2 1 6 4
1601938
2 2 1 6 8
1605620
2 2 1 6 16
1609302
2 2 1 6 32
1627712
2 2 1 6 64
1660850
2 2 1 7 1
1610602
2 2 1 7 2
1609302
2 2 1 7 4
1609302
2 2 1 7 8
1609302
2 2 1 7 16
1616666
2 2 1 7 32
1631394
2 2 1 7 64
1664532
2 2 1 8 1
1620748
2 2 1 8 2
1620348
2 2 1 8 4
1620348
2 2 1 8 8
1620348
2 2 1 8 16
1620348
2 2 1 8 32
1635076
2 2 1 8 64
1668214
2 2 1 9 1
1627712
2 2 1 9 2
1635076
2 2 1 9 4
1635076
2 2 1 9 8
1635076
2 2 1 9 16
1635076
2 2 1 9 32
1638758
2 2 1 9 64
1675578
2 2 2 3 1
2215736
2 2 2 3 2
2207136
2 2 2 3 4
2204036
2 2 2 3 8
2210648
2 2 2 3 16
2217560
2 2 2 3 32
2238896
2 2 2 3 64
2271150
2 2 2 4 1
2212742
2 2 2 4 2
2207742
2 2 2 4 4
2206642
2 2 2 4 8
2209848
2 2 2 4 16
2220666
2 2 2 4 32
2238696
2 2 2 4 64
2271150
2 2 2 5 1
2213148
2 2 2 5 2
2210248
2 2 2 5 4
2209848
2 2 2 5 8
2209848
2 2 2 5 16
2220666
2 2 2 5 32
2238696
2 2 2 5 64
2271150
2 2 2 6 1
2215154
2 2 2 6 2
2213654
2 2 2 6 4
2213454
2 2 2 6 8
2217060
2 2 2 6 16
2220666
2 2 2 6 32
2238696
2 2 2 6 64
2271150
2 2 2 7 1
2221866
2 2 2 7 2
2220666
2 2 2 7 4
2220666
2 2 2 7 8
2220666
2 2 2 7 16
2227878
2 2 2 7 32
2242302
2 2 2 7 64
2274756
2 2 2 8 1
2231884
2 2 2 8 2
2231484
2 2 2 8 4
2231484
2 2 2 8 8
2231484
2 2 2 8 16
2231484
2 2 2 8 32
2245908
2 2 2 8 64
2278362
2 2 2 9 1
2238696
2 2 2 9 2
2245908
2 2 2 9 4
2245908
2 2 2 9 8
2245908
2 2 2 9 16
2245908
2 2 2 9 32
2249514
2 2 2 9 64
2285574
2 2 4 3 1
2212350
2 2 4 3 2
2207650
2 2 4 3 4
2204950
2 2 4 3 8
2210200
2 2 4 3 16
2217250
2 2 4 3 32
2238600
2 2 4 3 64
2270375
2 2 4 4 1
2211325
2 2 4 4 2
2208625
2 2 4 4 4
2206525
2 2 4 4 8
2209600
2 2 4 4 16
2220325
2 2 4 4 32
2238200
2 2 4 4 64
2270375
2 2 4 5 1
2212700
2 2 4 5 2
2210600
2 2 4 5 4
2209600
2 2 4 5 8
2209600
2 2 4 5 16
2220325
2 2 4 5 32
2238200
2 2 4 5 64
2270375
2 2 4 6 1
2214875
2 2 4 6 2
2213775
2 2 4 6 4
2213175
2 2 4 6 8
2216750
2 2 4 6 16
2220325
2 2 4 6 32
2238200
2 2 4 6 64
2270375
2 2 4 7 1
2221525
2 2 4 7 2
2220325
2 2 4 7 4
2220325
2 2 4 7 8
2220325
2 2 4 7 16
2227475
2 2 4 7 32
2241775
2 2 4 7 64
2273950
2 2 4 8 1
2231450
2 2 4 8 2
2231050
2 2 4 8 4
2231050
2 2 4 8 8
2231050
2 2 4 8 16
2231050
2 2 4 8 32
2245350
2 2 4 8 64
2277525
2 2 4 9 1
2238200
2 2 4 9 2
2245350
2 2 4 9 4
2245350
2 2 4 9 8
2245350
2 2 4 9 16
2245350
2 2 4 9 32
2248925
2 2 4 9 64
2284675
2 2 8 3 1
3434906
2 2 8 3 2
3432806
2 2 8 3 4
3430006
2 2 8 3 8
3435508
2 2 8 3 16
3441610
2 2 8 3 32
3462416
2 2 8 3 64
3494175
2 2 8 4 1
3434657
2 2 8 4 2
3432957
2 2 8 4 4
3430957
2 2 8 4 8
3433808
2 2 8 4 16
3444461
2 2 8 4 32
3462216
2 2 8 4 64
3494175
2 2 8 5 1
3436408
2 2 8 5 2
3434408
2 2 8 5 4
3433808
2 2 8 5 8
3433808
2 2 8 5 16
3444461
2 2 8 5 32
3462216
2 2 8 5 64
3494175
2 2 8 6 1
3438659
2 2 8 6 2
3437759
2 2 8 6 4
3437359
2 2 8 6 8
3440910
2 2 8 6 16
3444461
2 2 8 6 32
3462216
2 2 8 6 64
3494175
2 2 8 7 1
3445361
2 2 8 7 2
3444461
2 2 8 7 4
3444461
2 2 8 7 8
3444461
2 2 8 7 16
3451563
2 2 8 7 32
3465767
2 2 8 7 64
3497726
2 2 8 8 1
3455314
2 2 8 8 2
3455114
2 2 8 8 4
3455114
2 2 8 8 8
3455114
2 2 8 8 16
3455114
2 2 8 8 32
3469318
2 2 8 8 64
3501277
2 2 8 9 1
3462216
2 2 8 9 2
3469318
2 2 8 9 4
3469318
2 2 8 9 8
3469318
2 2 8 9 16
3469318
2 2 8 9 32
3472869
2 2 8 9 64
3508379
2 2 16 3 1
4657686
2 2 16 3 2
4656486
2 2 16 3 4
4655486
2 2 16 3 8
4660748
2 2 16 3 16
4667110
2 2 16 3 32
4686496
2 2 16 3 64
4718075
2 2 16 4 1
4658317
2 2 16 4 2
4657217
2 2 16 4 4
4655817
2 2 16 4 8
4658248
2 2 16 4 16
4668641
2 2 16 4 32
4686296
2 2 16 4 64
4718075
2 2 16 5 1
4660048
2 2 16 5 2
4658748
2 2 16 5 4
4658148
2 2 16 5 8
4658048
2 2 16 5 16
4668641
2 2 16 5 32
4686296
2 2 16 5 64
4718075
2 2 16 6 1
4662479
2 2 16 6 2
4662079
2 2 16 6 4
4661579
2 2 16 6 8
4665110
2 2 16 6 16
4668641
2 2 16 6 32
4686296
2 2 16 6 64
4718075
2 2 16 7 1
4669341
2 2 16 7 2
4668641
2 2 16 7 4
4668641
2 2 16 7 8
4668641
2 2 16 7 16
4675703
2 2 16 7 32
4689827
2 2 16 7 64
4721606
2 2 16 8 1
4679534
2 2 16 8 2
4679234
2 2 16 8 4
4679234
2 2 16 8 8
4679234
2 2 16 8 16
4679234
2 2 16 8 32
4693358
2 2 16 8 64
4725137
2 2 16 9 1
4686296
2 2 16 9 2
4693358
2 2 16 9 4
4693358
2 2 16 9 8
4693358
2 2 16 9 16
4693358
2 2 16 9 32
4696889
2 2 16 9 64
4732199
2 2 32 3 1
7717570
2 2 32 3 2
7716570
2 2 32 3 4
7716170
2 2 32 3 8
7721560
2 2 32 3 16
7727650
2 2 32 3 32
7747720
2 2 32 3 64
7778175
2 2 32 4 1
7718865
2 2 32 4 2
7717865
2 2 32 4 4
7716565
2 2 32 4 8
7719060
2 2 32 4 16
7729245
2 2 32 4 32
7746720
2 2 32 4 64
7778175
2 2 32 5 1
7720760
2 2 32 5 2
7719260
2 2 32 5 4
7718860
2 2 32 5 8
7718760
2 2 32 5 16
7729245
2 2 32 5 32
7746720
2 2 32 5 64
7778175
2 2 32 6 1
7723155
2 2 32 6 2
7722555
2 2 32 6 4
7722255
2 2 32 6 8
7725750
2 2 32 6 16
7729245
2 2 32 6 32
7746720
2 2 32 6 64
7778175
2 2 32 7 1
7729845
2 2 32 7 2
7729245
2 2 32 7 4
7729245
2 2 32 7 8
7729245
2 2 32 7 16
7736235
2 2 32 7 32
7750215
2 2 32 7 64
7781670
2 2 32 8 1
7740030
2 2 32 8 2
7739730
2 2 32 8 4
7739730
2 2 32 8 8
7739730
2 2 32 8 16
7739730
2 2 32 8 32
7753710
2 2 32 8 64
7785165
2 2 32 9 1
7746720
2 2 32 9 2
7753710
2 2 32 9 4
7753710
2 2 32 9 8
7753710
2 2 32 9 16
7753710
2 2 32 9 32
7757205
2 2 32 9 64
7792155
2 2 64 3 1
13839876
2 2 64 3 2
13839176
2 2 64 3 4
13838676
2 2 64 3 8
13843968
2 2 64 3 16
13850460
2 2 64 3 32
13870136
2 2 64 3 64
13900700
2 2 64 4 1
13840672
2 2 64 4 2
13840072
2 2 64 4 4
13838672
2 2 64 4 8
13840968
2 2 64 4 16
13851256
2 2 64 4 32
13868736
2 2 64 4 64
13900200
2 2 64 5 1
13842368
2 2 64 5 2
13841368
2 2 64 5 4
13840868
2 2 64 5 8
13840768
2 2 64 5 16
13851256
2 2 64 5 32
13868736
2 2 64 5 64
13900200
2 2 64 6 1
13844964
2 2 64 6 2
13844664
2 2 64 6 4
13844264
2 2 64 6 8
13847760
2 2 64 6 16
13851256
2 2 64 6 32
13868736
2 2 64 6 64
13900200
2 2 64 7 1
13851756
2 2 64 7 2
13851256
2 2 64 7 4
13851256
2 2 64 7 8
13851256
2 2 64 7 16
13858248
2 2 64 7 32
13872232
2 2 64 7 64
13903696
2 2 64 8 1
13861844
2 2 64 8 2
13861744
2 2 64 8 4
13861744
2 2 64 8 8
13861744
2 2 64 8 16
13861744
2 2 64 8 32
13875728
2 2 64 8 64
13907192
2 2 64 9 1
13868736
2 2 64 9 2
13875728
2 2 64 9 4
13875728
2 2 64 9 8
13875728
2 2 64 9 16
13875728
2 2 64 9 32
13879224
2 2 64 9 64
13914184
2 3 1 4 1
2213644
2 3 1 4 2
2208444
2 3 1 4 4
2206644
2 3 1 4 8
2209836
2 3 1 4 16
2220512
2 3 1 4 32
2238472
2 3 1 4 64
2270800
2 3 1 5 1
2213436
2 3 1 5 2
2210436
2 3 1 5 4
2209736
2 3 1 5 8
2209736
2 3 1 5 16
2220512
2 3 1 5 32
2238472
2 3 1 5 64
2270800
2 3 1 6 1
2215328
2 3 1 6 2
2213628
2 3 1 6 4
2213328
2 3 1 6 8
2216920
2 3 1 6 16
2220512
2 3 1 6 32
2238472
2 3 1 6 64
2270800
2 3 1 7 1
2221812
2 3 1 7 2
2220512
2 3 1 7 4
2220512
2 3 1 7 8
2220512
2 3 1 7 16
2227696
2 3 1 7 32
2242064
2 3 1 7 64
2274392
2 3 1 8 1
2231688
2 3 1 8 2
2231288
2 3 1 8 4
2231288
2 3 1 8 8
2231288
2 3 1 8 16
2231288
2 3 1 8 32
2245656
2 3 1 8 64
2277984
2 3 1 9 1
2238472
2 3 1 9 2
2245656
2 3 1 9 4
2245656
2 3 1 9 8
2245656
2 3 1 9 16
2245656
2 3 1 9 32
2249248
2 3 1 9 64
2285168
2 3 2 4 1
2211026
2 3 2 4 2
2207526
2 3 2 4 4
2205826
2 3 2 4 8
2209144
2 3 2 4 16
2219698
2 3 2 4 32
2237288
2 3 2 4 64
2268950
2 3 2 5 1
2211844
2 3 2 5 2
2209544
2 3 2 5 4
2209144
2 3 2 5 8
2209144
2 3 2 5 16
2219698
2 3 2 5 32
2237288
2 3 2 5 64
2268950
2 3 2 6 1
2214062
2 3 2 6 2
2212862
2 3 2 6 4
2212662
2 3 2 6 8
2216180
2 3 2 6 16
2219698
2 3 2 6 32
2237288
2 3 2 6 64
2268950
2 3 2 7 1
2220598
2 3 2 7 2
2219698
2 3 2 7 4
2219698
2 3 2 7 8
2219698
2 3 2 7 16
2226734
2 3 2 7 32
2240806
2 3 2 7 64
2272468
2 3 2 8 1
2230452
2 3 2 8 2
2230252
2 3 2 8 4
2230252
2 3 2 8 8
2230252
2 3 2 8 16
2230252
2 3 2 8 32
2244324
2 3 2 8 64
2275986
2 3 2 9 1
2237288
2 3 2 9 2
2244324
2 3 2 9 4
2244324
2 3 2 9 8
2244324
2 3 2 9 16
2244324
2 3 2 9 32
2247842
2 3 2 9 64
2283022
2 3 4 4 1
2209067
2 3 4 4 2
2207567
2 3 4 4 4
2205967
2 3 4 4 8
2208848
2 3 4 4 16
2219291
2 3 4 4 32
2236696
2 3 4 4 64
2268025
2 3 4 5 1
2210848
2 3 4 5 2
2209448
2 3 4 5 4
2208948
2 3 4 5 8
2208848
2 3 4 5 16
2219291
2 3 4 5 32
2236696
2 3 4 5 64
2268025
2 3 4 6 1
2213429
2 3 4 6 2
2212629
2 3 4 6 4
2212329
2 3 4 6 8
2215810
2 3 4 6 16
2219291
2 3 4 6 32
2236696
2 3 4 6 64
2268025
2 3 4 7 1
2219891
2 3 4 7 2
2219291
2 3 4 7 4
2219291
2 3 4 7 8
2219291
2 3 4 7 16
2226253
2 3 4 7 32
2240177
2 3 4 7 64
2271506
2 3 4 8 1
2229734
2 3 4 8 2
2229734
2 3 4 8 4
2229734
2 3 4 8 8
2229734
2 3 4 8 16
2229734
2 3 4 8 32
2243658
2 3 4 8 64
2274987
2 3 4 9 1
2236696
2 3 4 9 2
2243658
2 3 4 9 4
2243658
2 3 4 9 8
2243658
2 3 4 9 16
2243658
2 3 4 9 32
2247139
2 3 4 9 64
2281949
2 3 8 4 1
3432099
2 3 8 4 2
3431699
2 3 8 4 4
3430499
2 3 8 4 8
3433256
2 3 8 4 16
3443427
2 3 8 4 32
3460712
2 3 8 4 64
3491825
2 3 8 5 1
3434056
2 3 8 5 2
3433456
2 3 8 5 4
3433156
2 3 8 5 8
3433056
2 3 8 5 16
3443427
2 3 8 5 32
3460712
2 3 8 5 64
3491825
2 3 8 6 1
3436913
2 3 8 6 2
3436713
2 3 8 6 4
3436513
2 3 8 6 8
3439970
2 3 8 6 16
3443427
2 3 8 6 32
3460712
2 3 8 6 64
3491825
2 3 8 7 1
3443627
2 3 8 7 2
3443427
2 3 8 7 4
3443427
2 3 8 7 8
3443427
2 3 8 7 16
3450341
2 3 8 7 32
3464169
2 3 8 7 64
3495282
2 3 8 8 1
3453798
2 3 8 8 2
3453798
2 3 8 8 4
3453798
2 3 8 8 8
3453798
2 3 8 8 16
3453798
2 3 8 8 32
3467626
2 3 8 8 64
3498739
2 3 8 9 1
3460712
2 3 8 9 2
3467626
2 3 8 9 4
3467626
2 3 8 9 8
3467626
2 3 8 9 16
3467626
2 3 8 9 32
3471083
2 3 8 9 64
3505653
2 3 16 4 1
4656436
2 3 16 4 2
4656036
2 3 16 4 4
4655136
2 3 16 4 8
4657584
2 3 16 4 16
4667728
2 3 16 4 32
4684968
2 3 16 4 64
4716000
2 3 16 5 1
4658284
2 3 16 5 2
4657784
2 3 16 5 4
4657484
2 3 16 5 8
4657384
2 3 16 5 16
4667728
2 3 16 5 32
4684968
2 3 16 5 64
4716000
2 3 16 6 1
4661232
2 3 16 6 2
4661032
2 3 16 6 4
4660832
2 3 16 6 8
4664280
2 3 16 6 16
4667728
2 3 16 6 32
4684968
2 3 16 6 64
4716000
2 3 16 7 1
4667928
2 3 16 7 2
4667728
2 3 16 7 4
4667728
2 3 16 7 8
4667728
2 3 16 7 16
4674624
2 3 16 7 32
4688416
2 3 16 7 64
4719448
2 3 16 8 1
4678072
2 3 16 8 2
4678072
2 3 16 8 4
4678072
2 3 16 8 8
4678072
2 3 16 8 16
4678072
2 3 16 8 32
4691864
2 3 16 8 64
4722896
2 3 16 9 1
4684968
2 3 16 9 2
4691864
2 3 16 9 4
4691864
2 3 16 9 8
4691864
2 3 16 9 16
4691864
2 3 16 9 32
4695312
2 3 16 9 64
4729792
2 3 32 4 1
8329315
2 3 32 4 2
8329015
2 3 32 4 4
8328015
2 3 32 4 8
8330860
2 3 32 4 16
8340895
2 3 32 4 32
8358120
2 3 32 4 64
8389125
2 3 32 5 1
8331460
2 3 32 5 2
8330960
2 3 32 5 4
8330660
2 3 32 5 8
8330560
2 3 32 5 16
8340895
2 3 32 5 32
8358120
2 3 32 5 64
8389125
2 3 32 6 1
8334405
2 3 32 6 2
8334205
2 3 32 6 4
8334005
2 3 32 6 8
8337450
2 3 32 6 16
8340895
2 3 32 6 32
8358120
2 3 32 6 64
8389125
2 3 32 7 1
8341095
2 3 32 7 2
8340895
2 3 32 7 4
8340895
2 3 32 7 8
8340895
2 3 32 7 16
8347785
2 3 32 7 32
8361565
2 3 32 7 64
8392570
2 3 32 8 1
8351230
2 3 32 8 2
8351230
2 3 32 8 4
8351230
2 3 32 8 8
8351230
2 3 32 8 16
8351230
2 3 32 8 32
8365010
2 3 32 8 64
8396015
2 3 32 9 1
8358120
2 3 32 9 2
8365010
2 3 32 9 4
8365010
2 3 32 9 8
8365010
2 3 32 9 16
8365010
2 3 32 9 32
8368455
2 3 32 9 64
8402905
2 3 64 4 1
13839108
2 3 64 4 2
13838808
2 3 64 4 4
13837808
2 3 64 4 8
13840652
2 3 64 4 16
13850684
2 3 64 4 32
13867904
2 3 64 4 64
13898900
2 3 64 5 1
13841252
2 3 64 5 2
13840752
2 3 64 5 4
13840452
2 3 64 5 8
13840352
2 3 64 5 16
13850684
2 3 64 5 32
13867904
2 3 64 5 64
13898900
2 3 64 6 1
13844196
2 3 64 6 2
13843996
2 3 64 6 4
13843796
2 3 64 6 8
13847240
2 3 64 6 16
13850684
2 3 64 6 32
13867904
2 3 64 6 64
13898900
2 3 64 7 1
13850884
2 3 64 7 2
13850684
2 3 64 7 4
13850684
2 3 64 7 8
13850684
2 3 64 7 16
13857572
2 3 64 7 32
13871348
2 3 64 7 64
13902344
2 3 64 8 1
13861016
2 3 64 8 2
13861016
2 3 64 8 4
13861016
2 3 64 8 8
13861016
2 3 64 8 16
13861016
2 3 64 8 32
13874792
2 3 64 8 64
13905788
2 3 64 9 1
13867904
2 3 64 9 2
13874792
2 3 64 9 4
13874792
2 3 64 9 8
13874792
2 3 64 9 16
13874792
2 3 64 9 32
13878236
2 3 64 9 64
13912676
2 4 1 5 1
2825052
2 4 1 5 2
2822052
2 4 1 5 4
2821352
2 4 1 5 8
2821352
2 4 1 5 16
2831909
2 4 1 5 32
2849504
2 4 1 5 64
2881175
2 4 1 6 1
2826871
2 4 1 6 2
2825171
2 4 1 6 4
2824871
2 4 1 6 8
2828390
2 4 1 6 16
2831909
2 4 1 6 32
2849504
2 4 1 6 64
2881175
2 4 1 7 1
2833209
2 4 1 7 2
2831909
2 4 1 7 4
2831909
2 4 1 7 8
2831909
2 4 1 7 16
2838947
2 4 1 7 32
2853023
2 4 1 7 64
2884694
2 4 1 8 1
2842866
2 4 1 8 2
2842466
2 4 1 8 4
2842466
2 4 1 8 8
2842466
2 4 1 8 16
2842466
2 4 1 8 32
2856542
2 4 1 8 64
2888213
2 4 1 9 1
2849504
2 4 1 9 2
2856542
2 4 1 9 4
2856542
2 4 1 9 8
2856542
2 4 1 9 16
2856542
2 4 1 9 32
2860061
2 4 1 9 64
2895251
2 4 2 5 1
2823136
2 4 2 5 2
2821436
2 4 2 5 4
2820936
2 4 2 5 8
2820936
2 4 2 5 16
2831337
2 4 2 5 32
2848672
2 4 2 5 64
2879875
2 4 2 6 1
2825603
2 4 2 6 2
2824503
2 4 2 6 4
2824403
2 4 2 6 8
2827870
2 4 2 6 16
2831337
2 4 2 6 32
2848672
2 4 2 6 64
2879875
2 4 2 7 1
2832037
2 4 2 7 2
2831337
2 4 2 7 4
2831337
2 4 2 7 8
2831337
2 4 2 7 16
2838271
2 4 2 7 32
2852139
2 4 2 7 64
2883342
2 4 2 8 1
2841738
2 4 2 8 2
2841738
2 4 2 8 4
2841738
2 4 2 8 8
2841738
2 4 2 8 16
2841738
2 4 2 8 32
2855606
2 4 2 8 64
2886809
2 4 2 9 1
2848672
2 4 2 9 2
2855606
2 4 2 9 4
2855606
2 4 2 9 8
2855606
2 4 2 9 16
2855606
2 4 2 9 32
2859073
2 4 2 9 64
2893743
2 4 4 5 1
2822224
2 4 4 5 2
2821224
2 4 4 5 4
2820924
2 4 4 5 8
2820824
2 4 4 5 16
2831183
2 4 4 5 32
2848448
2 4 4 5 64
2879525
2 4 4 6 1
2825077
2 4 4 6 2
2824477
2 4 4 6 4
2824277
2 4 4 6 8
2827730
2 4 4 6 16
2831183
2 4 4 6 32
2848448
2 4 4 6 64
2879525
2 4 4 7 1
2831583
2 4 4 7 2
2831183
2 4 4 7 4
2831183
2 4 4 7 8
2831183
2 4 4 7 16
2838089
2 4 4 7 32
2851901
2 4 4 7 64
2882978
2 4 4 8 1
2841542
2 4 4 8 2
2841542
2 4 4 8 4
2841542
2 4 4 8 8
2841542
2 4 4 8 16
2841542
2 4 4 8 32
2855354
2 4 4 8 64
2886431
2 4 4 9 1
2848448
2 4 4 9 2
2855354
2 4 4 9 4
2855354
2 4 4 9 8
2855354
2 4 4 9 16
2855354
2 4 4 9 32
2858807
2 4 4 9 64
2893337
2 4 8 5 1
3433860
2 4 8 5 2
3433360
2 4 8 5 4
3433060
2 4 8 5 8
3432960
2 4 8 5 16
3443295
2 4 8 5 32
3460520
2 4 8 5 64
3491525
2 4 8 6 1
3436805
2 4 8 6 2
3436605
2 4 8 6 4
3436405
2 4 8 6 8
3439850
2 4 8 6 16
3443295
2 4 8 6 32
3460520
2 4 8 6 64
3491525
2 4 8 7 1
3443495
2 4 8 7 2
3443295
2 4 8 7 4
3443295
2 4 8 7 8
3443295
2 4 8 7 16
3450185
2 4 8 7 32
3463965
2 4 8 7 64
3494970
2 4 8 8 1
3453630
2 4 8 8 2
3453630
2 4 8 8 4
3453630
2 4 8 8 8
3453630
2 4 8 8 16
3453630
2 4 8 8 32
3467410
2 4 8 8 64
3498415
2 4 8 9 1
3460520
2 4 8 9 2
3467410
2 4 8 9 4
3467410
2 4 8 9 8
3467410
2 4 8 9 16
3467410
2 4 8 9 32
3470855
2 4 8 9 64
3505305
2 4 16 5 1
5270452
2 4 16 5 2
5269952
2 4 16 5 4
5269652
2 4 16 5 8
5269552
2 4 16 5 16
5279884
2 4 16 5 32
5297104
2 4 16 5 64
5328100
2 4 16 6 1
5273396
2 4 16 6 2
5273196
2 4 16 6 4
5272996
2 4 16 6 8
5276440
2 4 16 6 16
5279884
2 4 16 6 32
5297104
2 4 16 6 64
5328100
2 4 16 7 1
5280084
2 4 16 7 2
5279884
2 4 16 7 4
5279884
2 4 16 7 8
5279884
2 4 16 7 16
5286772
2 4 16 7 32
5300548
2 4 16 7 64
5331544
2 4 16 8 1
5290216
2 4 16 8 2
5290216
2 4 16 8 4
5290216
2 4 16 8 8
5290216
2 4 16 8 16
5290216
2 4 16 8 32
5303992
2 4 16 8 64
5334988
2 4 16 9 1
5297104
2 4 16 9 2
5303992
2 4 16 9 4
5303992
2 4 16 9 8
5303992
2 4 16 9 16
5303992
2 4 16 9 32
5307436
2 4 16 9 64
5341876
2 4 32 5 1
8331452
2 4 32 5 2
8330952
2 4 32 5 4
8330652
2 4 32 5 8
8330552
2 4 32 5 16
8340884
2 4 32 5 32
8358104
2 4 32 5 64
8389100
2 4 32 6 1
8334396
2 4 32 6 2
8334196
2 4 32 6 4
8333996
2 4 32 6 8
8337440
2 4 32 6 16
8340884
2 4 32 6 32
8358104
2 4 32 6 64
8389100
2 4 32 7 1
8341084
2 4 32 7 2
8340884
2 4 32 7 4
8340884
2 4 32 7 8
8340884
2 4 32 7 16
8347772
2 4 32 7 32
8361548
2 4 32 7 64
8392544
2 4 32 8 1
8351216
2 4 32 8 2
8351216
2 4 32 8 4
8351216
2 4 32 8 8
8351216
2 4 32 8 16
8351216
2 4 32 8 32
8364992
2 4 32 8 64
8395988
2 4 32 9 1
8358104
2 4 32 9 2
8364992
2 4 32 9 4
8364992
2 4 32 9 8
8364992
2 4 32 9 16
8364992
2 4 32 9 32
8368436
2 4 32 9 64
8402876
2 4 64 5 1
13841252
2 4 64 5 2
13840752
2 4 64 5 4
13840452
2 4 64 5 8
13840352
2 4 64 5 16
13850684
2 4 64 5 32
13867904
2 4 64 5 64
13898900
2 4 64 6 1
13844196
2 4 64 6 2
13843996
2 4 64 6 4
13843796
2 4 64 6 8
13847240
2 4 64 6 16
13850684
2 4 64 6 32
13867904
2 4 64 6 64
13898900
2 4 64 7 1
13850884
2 4 64 7 2
13850684
2 4 64 7 4
13850684
2 4 64 7 8
13850684
2 4 64 7 16
13857572
2 4 64 7 32
13871348
2 4 64 7 64
13902344
2 4 64 8 1
13861016
2 4 64 8 2
13861016
2 4 64 8 4
13861016
2 4 64 8 8
13861016
2 4 64 8 16
13861016
2 4 64 8 32
13874792
2 4 64 8 64
13905788
2 4 64 9 1
13867904
2 4 64 9 2
13874792
2 4 64 9 4
13874792
2 4 64 9 8
13874792
2 4 64 9 16
13874792
2 4 64 9 32
13878236
2 4 64 9 64
13912676
2 5 1 6 1
3438729
2 5 1 6 2
3437029
2 5 1 6 4
3436729
2 5 1 6 8
3440210
2 5 1 6 16
3443691
2 5 1 6 32
3461096
2 5 1 6 64
3492425
2 5 1 7 1
3444991
2 5 1 7 2
3443691
2 5 1 7 4
3443691
2 5 1 7 8
3443691
2 5 1 7 16
3450653
2 5 1 7 32
3464577
2 5 1 7 64
3495906
2 5 1 8 1
3454534
2 5 1 8 2
3454134
2 5 1 8 4
3454134
2 5 1 8 8
3454134
2 5 1 8 16
3454134
2 5 1 8 32
3468058
2 5 1 8 64
3499387
2 5 1 9 1
3461096
2 5 1 9 2
3468058
2 5 1 9 4
3468058
2 5 1 9 8
3468058
2 5 1 9 16
3468058
2 5 1 9 32
3471539
2 5 1 9 64
3506349
2 5 2 6 1
3437259
2 5 2 6 2
3436559
2 5 2 6 4
3436459
2 5 2 6 8
3439910
2 5 2 6 16
3443361
2 5 2 6 32
3460616
2 5 2 6 64
3491675
2 5 2 7 1
3443861
2 5 2 7 2
3443361
2 5 2 7 4
3443361
2 5 2 7 8
3443361
2 5 2 7 16
3450263
2 5 2 7 32
3464067
2 5 2 7 64
3495126
2 5 2 8 1
3453714
2 5 2 8 2
3453714
2 5 2 8 4
3453714
2 5 2 8 8
3453714
2 5 2 8 16
3453714
2 5 2 8 32
3467518
2 5 2 8 64
3498577
2 5 2 9 1
3460616
2 5 2 9 2
3467518
2 5 2 9 4
3467518
2 5 2 9 8
3467518
2 5 2 9 16
3467518
2 5 2 9 32
3470969
2 5 2 9 64
3505479
2 5 4 6 1
3436796
2 5 4 6 2
3436596
2 5 4 6 4
3436396
2 5 4 6 8
3439840
2 5 4 6 16
3443284
2 5 4 6 32
3460504
2 5 4 6 64
3491500
2 5 4 7 1
3443484
2 5 4 7 2
3443284
2 5 4 7 4
3443284
2 5 4 7 8
3443284
2 5 4 7 16
3450172
2 5 4 7 32
3463948
2 5 4 7 64
3494944
2 5 4 8 1
3453616
2 5 4 8 2
3453616
2 5 4 8 4
3453616
2 5 4 8 8
3453616
2 5 4 8 16
3453616
2 5 4 8 32
3467392
2 5 4 8 64
3498388
2 5 4 9 1
3460504
2 5 4 9 2
3467392
2 5 4 9 4
3467392
2 5 4 9 8
3467392
2 5 4 9 16
3467392
2 5 4 9 32
3470836
2 5 4 9 64
3505276
2 5 8 6 1
3436796
2 5 8 6 2
3436596
2 5 8 6 4
3436396
2 5 8 6 8
3439840
2 5 8 6 16
3443284
2 5 8 6 32
3460504
2 5 8 6 64
3491500
2 5 8 7 1
3443484
2 5 8 7 2
3443284
2 5 8 7 4
3443284
2 5 8 7 8
3443284
2 5 8 7 16
3450172
2 5 8 7 32
3463948
2 5 8 7 64
3494944
2 5 8 8 1
3453616
2 5 8 8 2
3453616
2 5 8 8 4
3453616
2 5 8 8 8
3453616
2 5 8 8 16
3453616
2 5 8 8 32
3467392
2 5 8 8 64
3498388
2 5 8 9 1
3460504
2 5 8 9 2
3467392
2 5 8 9 4
3467392
2 5 8 9 8
3467392
2 5 8 9 16
3467392
2 5 8 9 32
3470836
2 5 8 9 64
3505276
2 5 16 6 1
5273396
2 5 16 6 2
5273196
2 5 16 6 4
5272996
2 5 16 6 8
5276440
2 5 16 6 16
5279884
2 5 16 6 32
5297104
2 5 16 6 64
5328100
2 5 16 7 1
5280084
2 5 16 7 2
5279884
2 5 16 7 4
5279884
2 5 16 7 8
5279884
2 5 16 7 16
5286772
2 5 16 7 32
5300548
2 5 16 7 64
5331544
2 5 16 8 1
5290216
2 5 16 8 2
5290216
2 5 16 8 4
5290216
2 5 16 8 8
5290216
2 5 16 8 16
5290216
2 5 16 8 32
5303992
2 5 16 8 64
5334988
2 5 16 9 1
5297104
2 5 16 9 2
5303992
2 5 16 9 4
5303992
2 5 16 9 8
5303992
2 5 16 9 16
5303992
2 5 16 9 32
5307436
2 5 16 9 64
5341876
2 5 32 6 1
8334396
2 5 32 6 2
8334196
2 5 32 6 4
8333996
2 5 32 6 8
8337440
2 5 32 6 16
8340884
2 5 32 6 32
8358104
2 5 32 6 64
8389100
2 5 32 7 1
8341084
2 5 32 7 2
8340884
2 5 32 7 4
8340884
2 5 32 7 8
8340884
2 5 32 7 16
8347772
2 5 32 7 32
8361548
2 5 32 7 64
8392544
2 5 32 8 1
8351216
2 5 32 8 2
8351216
2 5 32 8 4
8351216
2 5 32 8 8
8351216
2 5 32 8 16
8351216
2 5 32 8 32
8364992
2 5 32 8 64
8395988
2 5 32 9 1
8358104
2 5 32 9 2
8364992
2 5 32 9 4
8364992
2 5 32 9 8
8364992
2 5 32 9 16
8364992
2 5 32 9 32
8368436
2 5 32 9 64
8402876
2 5 64 6 1
13844196
2 5 64 6 2
13843996
2 5 64 6 4
13843796
2 5 64 6 8
13847240
2 5 64 6 16
13850684
2 5 64 6 32
13867904
2 5 64 6 64
13898900
2 5 64 7 1
13850884
2 5 64 7 2
13850684
2 5 64 7 4
13850684
2 5 64 7 8
13850684
2 5 64 7 16
13857572
2 5 64 7 32
13871348
2 5 64 7 64
13902344
2 5 64 8 1
13861016
2 5 64 8 2
13861016
2 5 64 8 4
13861016
2 5 64 8 8
13861016
2 5 64 8 16
13861016
2 5 64 8 32
13874792
2 5 64 8 64
13905788
2 5 64 9 1
13867904
2 5 64 9 2
13874792
2 5 64 9 4
13874792
2 5 64 9 8
13874792
2 5 64 9 16
13874792
2 5 64 9 32
13878236
2 5 64 9 64
13912676
2 6 1 7 1
4057004
2 6 1 7 2
4055704
2 6 1 7 4
4055704
2 6 1 7 8
4055704
2 6 1 7 16
4062632
2 6 1 7 32
4076488
2 6 1 7 64
4107664
2 6 1 8 1
4066496
2 6 1 8 2
4066096
2 6 1 8 4
4066096
2 6 1 8 8
4066096
2 6 1 8 16
4066096
2 6 1 8 32
4079952
2 6 1 8 64
4111128
2 6 1 9 1
4073024
2 6 1 9 2
4079952
2 6 1 9 4
4079952
2 6 1 9 8
4079952
2 6 1 9 16
4079952
2 6 1 9 32
4083416
2 6 1 9 64
4118056
2 6 2 7 1
4055917
2 6 2 7 2
4055517
2 6 2 7 4
4055517
2 6 2 7 8
4055517
2 6 2 7 16
4062411
2 6 2 7 32
4076199
2 6 2 7 64
4107222
2 6 2 8 1
4065858
2 6 2 8 2
4065858
2 6 2 8 4
4065858
2 6 2 8 8
4065858
2 6 2 8 16
4065858
2 6 2 8 32
4079646
2 6 2 8 64
4110669
2 6 2 9 1
4072752
2 6 2 9 2
4079646
2 6 2 9 4
4079646
2 6 2 9 8
4079646
2 6 2 9 16
4079646
2 6 2 9 32
4083093
2 6 2 9 64
4117563
2 6 4 7 1
4055684
2 6 4 7 2
4055484
2 6 4 7 4
4055484
2 6 4 7 8
4055484
2 6 4 7 16
4062372
2 6 4 7 32
4076148
2 6 4 7 64
4107144
2 6 4 8 1
4065816
2 6 4 8 2
4065816
2 6 4 8 4
4065816
2 6 4 8 8
4065816
2 6 4 8 16
4065816
2 6 4 8 32
4079592
2 6 4 8 64
4110588
2 6 4 9 1
4072704
2 6 4 9 2
4079592
2 6 4 9 4
4079592
2 6 4 9 8
4079592
2 6 4 9 16
4079592
2 6 4 9 32
4083036
2 6 4 9 64
4117476
2 6 8 7 1
4667884
2 6 8 7 2
4667684
2 6 8 7 4
4667684
2 6 8 7 8
4667684
2 6 8 7 16
4674572
2 6 8 7 32
4688348
2 6 8 7 64
4719344
2 6 8 8 1
4678016
2 6 8 8 2
4678016
2 6 8 8 4
4678016
2 6 8 8 8
4678016
2 6 8 8 16
4678016
2 6 8 8 32
4691792
2 6 8 8 64
4722788
2 6 8 9 1
4684904
2 6 8 9 2
4691792
2 6 8 9 4
4691792
2 6 8 9 8
4691792
2 6 8 9 16
4691792
2 6 8 9 32
4695236
2 6 8 9 64
4729676
2 6 16 7 1
5280084
2 6 16 7 2
5279884
2 6 16 7 4
5279884
2 6 16 7 8
5279884
2 6 16 7 16
5286772
2 6 16 7 32
5300548
2 6 16 7 64
5331544
2 6 16 8 1
5290216
2 6 16 8 2
5290216
2 6 16 8 4
5290216
2 6 16 8 8
5290216
2 6 16 8 16
5290216
2 6 16 8 32
5303992
2 6 16 8 64
5334988
2 6 16 9 1
5297104
2 6 16 9 2
5303992
2 6 16 9 4
5303992
2 6 16 9 8
5303992
2 6 16 9 16
5303992
2 6 16 9 32
5307436
2 6 16 9 64
5341876
2 6 32 7 1
8341084
2 6 32 7 2
8340884
2 6 32 7 4
8340884
2 6 32 7 8
8340884
2 6 32 7 16
8347772
2 6 32 7 32
8361548
2 6 32 7 64
8392544
2 6 32 8 1
8351216
2 6 32 8 2
8351216
2 6 32 8 4
8351216
2 6 32 8 8
8351216
2 6 32 8 16
8351216
2 6 32 8 32
8364992
2 6 32 8 64
8395988
2 6 32 9 1
8358104
2 6 32 9 2
8364992
2 6 32 9 4
8364992
2 6 32 9 8
8364992
2 6 32 9 16
8364992
2 6 32 9 32
8368436
2 6 32 9 64
8402876
2 6 64 7 1
13850884
2 6 64 7 2
13850684
2 6 64 7 4
13850684
2 6 64 7 8
13850684
2 6 64 7 16
13857572
2 6 64 7 32
13871348
2 6 64 7 64
13902344
2 6 64 8 1
13861016
2 6 64 8 2
13861016
2 6 64 8 4
13861016
2 6 64 8 8
13861016
2 6 64 8 16
13861016
2 6 64 8 32
13874792
2 6 64 8 64
13905788
2 6 64 9 1
13867904
2 6 64 9 2
13874792
2 6 64 9 4
13874792
2 6 64 9 8
13874792
2 6 64 9 16
13874792
2 6 64 9 32
13878236
2 6 64 9 64
13912676
2 7 1 8 1
5290798
2 7 1 8 2
5290398
2 7 1 8 4
5290398
2 7 1 8 8
5290398
2 7 1 8 16
5290398
2 7 1 8 32
5304226
2 7 1 8 64
5335339
2 7 1 9 1
5297312
2 7 1 9 2
5304226
2 7 1 9 4
5304226
2 7 1 9 8
5304226
2 7 1 9 16
5304226
2 7 1 9 32
5307683
2 7 1 9 64
5342253
2 7 2 8 1
5290216
2 7 2 8 2
5290216
2 7 2 8 4
5290216
2 7 2 8 8
5290216
2 7 2 8 16
5290216
2 7 2 8 32
5303992
2 7 2 8 64
5334988
2 7 2 9 1
5297104
2 7 2 9 2
5303992
2 7 2 9 4
5303992
2 7 2 9 8
5303992
2 7 2 9 16
5303992
2 7 2 9 32
5307436
2 7 2 9 64
5341876
2 7 4 8 1
5290216
2 7 4 8 2
5290216
2 7 4 8 4
5290216
2 7 4 8 8
5290216
2 7 4 8 16
5290216
2 7 4 8 32
5303992
2 7 4 8 64
5334988
2 7 4 9 1
5297104
2 7 4 9 2
5303992
2 7 4 9 4
5303992
2 7 4 9 8
5303992
2 7 4 9 16
5303992
2 7 4 9 32
5307436
2 7 4 9 64
5341876
2 7 8 8 1
5290216
2 7 8 8 2
5290216
2 7 8 8 4
5290216
2 7 8 8 8
5290216
2 7 8 8 16
5290216
2 7 8 8 32
5303992
2 7 8 8 64
5334988
2 7 8 9 1
5297104
2 7 8 9 2
5303992
2 7 8 9 4
5303992
2 7 8 9 8
5303992
2 7 8 9 16
5303992
2 7 8 9 32
5307436
2 7 8 9 64
5341876
2 7 16 8 1
6514616
2 7 16 8 2
6514616
2 7 16 8 4
6514616
2 7 16 8 8
6514616
2 7 16 8 16
6514616
2 7 16 8 32
6528392
2 7 16 8 64
6559388
2 7 16 9 1
6521504
2 7 16 9 2
6528392
2 7 16 9 4
6528392
2 7 16 9 8
6528392
2 7 16 9 16
6528392
2 7 16 9 32
6531836
2 7 16 9 64
6566276
2 7 32 8 1
8963416
2 7 32 8 2
8963416
2 7 32 8 4
8963416
2 7 32 8 8
8963416
2 7 32 8 16
8963416
2 7 32 8 32
8977192
2 7 32 8 64
9008188
2 7 32 9 1
8970304
2 7 32 9 2
8977192
2 7 32 9 4
8977192
2 7 32 9 8
8977192
2 7 32 9 16
8977192
2 7 32 9 32
8980636
2 7 32 9 64
9015076
2 7 64 8 1
14473216
2 7 64 8 2
14473216
2 7 64 8 4
14473216
2 7 64 8 8
14473216
2 7 64 8 16
14473216
2 7 64 8 32
14486992
2 7 64 8 64
14517988
2 7 64 9 1
14480104
2 7 64 9 2
14486992
2 7 64 9 4
14486992
2 7 64 9 8
14486992
2 7 64 9 16
14486992
2 7 64 9 32
14490436
2 7 64 9 64
14524876
2 8 1 9 1
7133768
2 8 1 9 2
7140664
2 8 1 9 4
7140664
2 8 1 9 8
7140664
2 8 1 9 16
7140664
2 8 1 9 32
7144112
2 8 1 9 64
7178592
2 8 2 9 1
7133704
2 8 2 9 2
7140592
2 8 2 9 4
7140592
2 8 2 9 8
7140592
2 8 2 9 16
7140592
2 8 2 9 32
7144036
2 8 2 9 64
7178476
2 8 4 9 1
7133704
2 8 4 9 2
7140592
2 8 4 9 4
7140592
2 8 4 9 8
7140592
2 8 4 9 16
7140592
2 8 4 9 32
7144036
2 8 4 9 64
7178476
2 8 8 9 1
7133704
2 8 8 9 2
7140592
2 8 8 9 4
7140592
2 8 8 9 8
7140592
2 8 8 9 16
7140592
2 8 8 9 32
7144036
2 8 8 9 64
7178476
2 8 16 9 1
7133704
2 8 16 9 2
7140592
2 8 16 9 4
7140592
2 8 16 9 8
7140592
2 8 16 9 16
7140592
2 8 16 9 32
7144036
2 8 16 9 64
7178476
2 8 32 9 1
9582504
2 8 32 9 2
9589392
2 8 32 9 4
9589392
2 8 32 9 8
9589392
2 8 32 9 16
9589392
2 8 32 9 32
9592836
2 8 32 9 64
9627276
2 8 64 9 1
15092304
2 8 64 9 2
15099192
2 8 64 9 4
15099192
2 8 64 9 8
15099192
2 8 64 9 16
15099192
2 8 64 9 32
15102636
2 8 64 9 64
15137076
